0.99    0.0     0.0     0.0
0.98    0.0     0.0     0.0
0.97    0.0     0.0851788756388 0.00140625
0.96    0.0     0.170357751278  0.00220248287671
0.95    0.0     0.298126064736  0.01209831621
0.94    0.0     0.425894378194  0.0135857350412
0.93    0.0     0.681431005111  0.01444955165
0.92    0.00335570469799        1.1073253833    0.0175414765594
0.91    0.00335570469799        1.36286201022   0.0234258905523
0.9     0.00335570469799        1.91652470187   0.0380106656113
0.89    0.00335570469799        2.38500851789   0.0429693033215
0.88    0.00335570469799        3.02385008518   0.0651388298641
0.87    0.0134228187919 3.79045996593   0.0804045885319
0.86    0.0201342281879 4.68483816014   0.0878655062138
0.85    0.0201342281879 5.83475298126   0.102255783507
0.84    0.0302013422819 6.60136286201   0.106774720593
0.83    0.0369127516779 7.53833049404   0.121895124821
0.82    0.0536912751678 8.47529812606   0.128855001931
0.81    0.0671140939597 9.75298126065   0.140192522417
0.8     0.0738255033557 10.7751277683   0.153458162471
0.79    0.110738255034  12.3083475298   0.170187574245
0.78    0.144295302013  13.3730834753   0.176332730194
0.77    0.201342281879  14.3100511073   0.180388986257
0.76    0.248322147651  15.7155025554   0.186754924127
0.75    0.298657718121  16.7802385009   0.198406024474
0.74    0.385906040268  18.0579216354   0.203466957002
0.73    0.46644295302   19.2078364566   0.223059183964
0.72    0.543624161074  20.1873935264   0.227905732041
0.71    0.61744966443   21.3373083475   0.243526072495
0.7     0.697986577181  22.2316865417   0.25463259165
0.69    0.785234899329  23.3816013629   0.268839228474
0.68    0.93288590604   24.1908006814   0.275502594763
0.67    1.11409395973   25.0    0.283051758313
0.66    1.28523489933   25.5962521295   0.284783329488
0.65    1.48993288591   26.405451448    0.288905686494
0.64    1.64429530201   26.8739352641   0.291051340206
0.63    1.79865771812   27.4275979557   0.295012036511
0.62    1.98657718121   28.1942078365   0.299076982632
0.61    2.19463087248   28.9182282794   0.306296913558
0.6     2.3389261745    29.3441226576   0.308220283244
0.59    2.4966442953    30.0255536627   0.310103033167
0.58    2.69463087248   30.4088586031   0.312509494978
0.57    2.87583892617   30.7495741056   0.314783909773
0.56    3.12416107383   31.132879046    0.315810951757
0.55    3.36241610738   31.601362862    0.317109909546
0.54    3.59731543624   31.8994889267   0.318495761556
0.53    3.81543624161   32.2402044293   0.323092800721
0.52    3.96979865772   32.4105621806   0.32331858337
0.51    4.09060402685   32.8364565588   0.324227751778
0.5     4.20805369128   33.1345826235   0.326767114513
0.49    4.40268456376   33.4752981261   0.32763965819
0.48    4.56040268456   33.730834753    0.328037566435
0.47    4.73489932886   33.8586030664   0.328333802735
0.46    4.86912751678   34.1567291312   0.328893860901
0.45    5.06040268456   34.5400340716   0.331089071438
0.44    5.26845637584   34.9233390119   0.334408864052
0.43    5.41946308725   35.136286201    0.335045612051
0.42    5.58053691275   35.5195911414   0.336319283875
0.41    5.76174496644   35.7325383305   0.336838062511
0.4     5.94295302013   35.9454855196   0.337170820944
0.39    6.07718120805   36.2436115843   0.337896921383
0.38    6.25503355705   36.2862010221   0.338058726714
0.37    6.42617449664   36.4565587734   0.338373591918
0.36    6.63422818792   36.797274276    0.340242256161
0.35    6.79194630872   36.9250425894   0.340375088238
0.34    6.98657718121   37.0954003407   0.341505496882
0.33    7.21476510067   37.2231686542   0.341767895933
0.32    7.43959731544   37.4787052811   0.34244198836
0.31    7.6610738255    37.6064735945   0.342652396678
0.3     7.90604026846   37.8620102215   0.343284148953
0.29    8.15100671141   38.1601362862   0.344083906395
0.28    8.32214765101   38.3730834753   0.344667122209
0.27    8.58053691275   38.5434412266   0.345231729594
0.26    8.84228187919   38.7989778535   0.345903743274
0.25    9.10738255034   39.0119250426   0.346215480843
0.24    9.42617449664   39.1822827939   0.346526193868
0.23    9.70134228188   39.4378194208   0.347048387751
0.22    10.0536912752   39.6933560477   0.347511608687
0.21    10.4295302013   39.863713799    0.347673637861
0.2     10.8087248322   40.2044293015   0.348801293434
0.19    11.2348993289   40.5451448041   0.34928916849
0.18    11.677852349    41.0136286201   0.349909695088
0.17    12.1879194631   41.3969335605   0.350456478395
0.16    12.7651006711   41.5672913118   0.35101929905
0.15    13.2516778523   41.6950596252   0.351152995864
0.14    13.9026845638   41.8654173765   0.351830116505
0.13    14.4899328859   42.0783645656   0.352098711019
0.12    15.3087248322   42.2487223169   0.352464249859
0.11    16.0872483221   42.4190800681   0.352763220423
0.1     17.0771812081   42.6746166951   0.353067664594
0.09    17.9731543624   42.7597955707   0.353210664219
0.08    19.1006711409   42.930153322    0.353585110088
0.07    20.3389261745   43.0579216354   0.353645890099
0.06    21.3053691275   43.1005110733   0.353838506806
0.05    21.7751677852   43.1005110733   0.353842615216
0.04    21.8422818792   43.1005110733   0.353860177071
0.03    21.855704698    43.1005110733   0.353849055918
0.02    21.855704698    43.1005110733   0.353849055918
0.01    21.855704698    43.1005110733   0.353849055918